[[211, 413],
[221, 414],
[233, 414],
[243, 414],
[252, 414],
[262, 412],
[272, 410],
[282, 410],
[291, 409],
[302, 410],
[312, 410],
[322, 411],
[331, 411],
[340, 412],
[347, 410],
[357, 408],
[366, 406],
[376, 404],
[385, 401],
[393, 399],
[402, 396],
[410, 392],
[419, 388],
[428, 384],
[436, 379],
[444, 374],
[453, 369],
[461, 364],
[470, 360],
[478, 356],
[488, 351],
[497, 347],
[506, 342],
[514, 338],
[522, 333],
[532, 328],
[540, 324],
[551, 319],
[558, 316],
[568, 313],
[576, 310],
[586, 307],
[594, 306],
[602, 306],
[612, 307],
[621, 309],
[630, 311],
[640, 315],
[649, 320],
[658, 325],
[664, 330],
[655, 319],
[660, 334],
[657, 342],
[654, 350],
[640, 374],
[645, 366],
[639, 374],
[634, 381],
[628, 386],
[621, 393],
[613, 400],
[607, 406]]
